1 0.5421875 0.58203125 0.1 0.154296875
1 0.0296875 0.44375 0.02109375 0.033984375
1 0.1265625 0.47734375 0.00859375 0.033203125
1 0.2375 0.46796875 0.015234375 0.0296875
1 0.2703125 0.45703125 0.02109375 0.0296875
1 0.375 0.47578125 0.015234375 0.0375
2 0.34609375 0.4453125 0.023046875 0.0375
1 0.43125 0.44921875 0.01796875 0.0375
1 0.4921875 0.4546875 0.02109375 0.041015625
1 0.65234375 0.4640625 0.014453125 0.0375
1 0.6953125 0.44921875 0.009765625 0.0296875
1 0.7359375 0.47578125 0.0125 0.0296875
1 0.87109375 0.33359375 0.0171875 0.023046875
1 0.9375 0.4546875 0.009765625 0.02734375
2 0.8859375 0.4515625 0.01640625 0.033984375
1 0.8890625 0.3953125 0.01640625 0.02734375