1 0.0234375 0.16015625 0.04140625 0.0796875
1 0.0828125 0.20703125 0.05390625 0.101953125
2 0.0984375 0.3578125 0.052734375 0.093359375
1 0.04609375 0.853125 0.076953125 0.14296875
1 0.26015625 0.1046875 0.060546875 0.084375
1 0.2734375 0.38203125 0.05859375 0.115625
0 0.16640625 0.64921875 0.0578125 0.133203125
1 0.1234375 0.73984375 0.072265625 0.1375
1 0.3765625 0.9109375 0.06640625 0.133984375
1 0.4859375 0.1046875 0.06640625 0.102734375
1 0.4984375 0.2953125 0.0625 0.11015625
1 0.51640625 0.69296875 0.0578125 0.098046875
1 0.5671875 0.7890625 0.075 0.128515625
1 0.66015625 0.10234375 0.060546875 0.098046875
1 0.63984375 0.37578125 0.0546875 0.1109375
1 0.74765625 0.10234375 0.0703125 0.123828125
1 0.89375 0.19765625 0.06796875 0.101953125
1 0.9296875 0.56640625 0.075 0.1109375