1 0.0453125 0.58984375 0.084765625 0.123046875
1 0.08515625 0.425 0.039453125 0.059765625
1 0.12109375 0.390625 0.026953125 0.043359375
1 0.1703125 0.346875 0.025 0.03046875
1 0.02109375 0.35859375 0.023046875 0.0265625
1 0.19609375 0.4265625 0.0375 0.043359375
1 0.23359375 0.35859375 0.026953125 0.039453125
1 0.28515625 0.5265625 0.114453125 0.1625
1 0.28984375 0.35234375 0.025 0.0265625
1 0.3765625 0.365625 0.01640625 0.01953125
1 0.3984375 0.3890625 0.027734375 0.033984375
1 0.44140625 0.4515625 0.0421875 0.059765625
1 0.54140625 0.4421875 0.0625 0.087109375
1 0.50625 0.3984375 0.022265625 0.046875
1 0.44375 0.38046875 0.01796875 0.0234375
1 0.58359375 0.35078125 0.026953125 0.0296875
1 0.7 0.3921875 0.025 0.02734375
1 0.6984375 0.34375 0.01640625 0.02421875
1 0.7453125 0.43828125 0.025 0.033203125
1 0.7265625 0.36015625 0.01640625 0.016796875
1 0.775 0.396875 0.01953125 0.03046875
1 0.8234375 0.44375 0.047265625 0.062890625
1 0.88984375 0.3984375 0.025 0.033984375
1 0.9859375 0.45859375 0.022265625 0.066796875
1 0.96015625 0.38515625 0.0296875 0.033203125
2 0.5421875 0.34921875 0.015234375 0.0203125