2 0.05859375 0.48125 0.0921875 0.137890625
2 0.0859375 0.11953125 0.06640625 0.098046875
1 0.1453125 0.08828125 0.05390625 0.09375
2 0.22734375 0.1140625 0.0703125 0.108984375
2 0.2625 0.28125 0.04453125 0.075
2 0.21484375 0.47578125 0.085546875 0.126953125
2 0.15625 0.63828125 0.10703125 0.108203125
1 0.21015625 0.87421875 0.1296875 0.220703125
2 0.3578125 0.65703125 0.140234375 0.1609375
2 0.3234375 0.3765625 0.09140625 0.12265625
2 0.34375 0.13515625 0.072265625 0.075
2 0.4375 0.15 0.065234375 0.090234375
1 0.4984375 0.1125 0.072265625 0.097265625
1 0.4875 0.3484375 0.090234375 0.127734375
2 0.56875 0.26015625 0.0625 0.101171875
2 0.62890625 0.11015625 0.076953125 0.116796875
2 0.73359375 0.10703125 0.0671875 0.079296875
2 0.74375 0.265625 0.0625 0.090234375
1 0.6796875 0.425 0.1 0.153515625
2 0.63359375 0.66328125 0.0921875 0.126953125
1 0.75234375 0.79375 0.1 0.14296875
1 0.82734375 0.49609375 0.089453125 0.138671875
2 0.86484375 0.14453125 0.060546875 0.09375
2 0.9734375 0.08828125 0.047265625 0.079296875
1 0.9234375 0.31484375 0.072265625 0.098046875