1 0.1171875 0.6125 0.07109375 0.08671875
1 0.24609375 0.56015625 0.0578125 0.09375
1 0.38125 0.821875 0.072265625 0.100390625
1 0.3109375 0.5375 0.047265625 0.071484375
1 0.35625 0.415625 0.04296875 0.06796875
0 0.2671875 0.36484375 0.034765625 0.05625
1 0.16015625 0.43828125 0.035546875 0.0671875
1 0.1484375 0.359375 0.022265625 0.04453125
1 0.20859375 0.31796875 0.023046875 0.0375
1 0.4703125 0.471875 0.065234375 0.090234375
1 0.5296875 0.39140625 0.040234375 0.070703125
1 0.76640625 0.4625 0.0828125 0.108984375
1 0.93125 0.5296875 0.0375 0.08515625
1 0.6234375 0.35546875 0.022265625 0.0671875
1 0.5578125 0.25859375 0.034765625 0.060546875
1 0.4625 0.228125 0.03046875 0.04453125
1 0.3109375 0.25625 0.022265625 0.04921875
1 0.0921875 0.33671875 0.02109375 0.060546875
1 0.07265625 0.28125 0.0203125 0.04453125
1 0.15 0.246875 0.03046875 0.052734375
1 0.225 0.21171875 0.01953125 0.033203125