2 0.0421875 0.71875 0.02109375 0.059765625
1 0.09609375 0.728125 0.0421875 0.071484375
1 0.1734375 0.696875 0.01640625 0.04453125
1 0.26015625 0.753125 0.039453125 0.059765625
2 0.325 0.565625 0.025 0.04453125
1 0.35234375 0.58203125 0.035546875 0.0484375
0 0.3953125 0.5953125 0.02890625 0.0375
2 0.36875 0.66328125 0.03203125 0.051953125
1 0.32109375 0.6984375 0.0375 0.04765625
1 0.4140625 0.67421875 0.0375 0.060546875
1 0.4546875 0.6234375 0.034765625 0.062890625
1 0.54765625 0.59140625 0.0296875 0.0453125
1 0.50234375 0.6984375 0.039453125 0.062890625
1 0.5265625 0.771875 0.04140625 0.075
1 0.5984375 0.58046875 0.0375 0.060546875
2 0.5734375 0.9609375 0.047265625 0.071484375
1 0.56640625 0.4828125 0.026953125 0.0375
1 0.5109375 0.44765625 0.022265625 0.041796875
1 0.61484375 0.4890625 0.025 0.041015625
1 0.72734375 0.41171875 0.025 0.0375
1 0.7859375 0.4234375 0.01640625 0.02890625
1 0.9046875 0.5 0.025 0.033984375