2 0.13515625 0.43828125 0.064453125 0.10625
2 0.14140625 0.2984375 0.0578125 0.084375
1 0.21484375 0.27890625 0.05 0.070703125
2 0.2734375 0.340625 0.047265625 0.08046875
1 0.3046875 0.26328125 0.04609375 0.084375
2 0.23359375 0.19453125 0.051953125 0.098046875
1 0.12734375 0.621875 0.05 0.146484375
2 0.1921875 0.67890625 0.075 0.145703125
2 0.2625 0.78984375 0.075 0.1546875
1 0.36875 0.8671875 0.097265625 0.18515625
1 0.3703125 0.5109375 0.065234375 0.128125
1 0.36875 0.3453125 0.0625 0.087890625
2 0.36640625 0.175 0.0375 0.066015625
1 0.4609375 0.1859375 0.04140625 0.097265625
1 0.4421875 0.24140625 0.02890625 0.084375
1 0.50859375 0.18359375 0.0421875 0.084375
2 0.5703125 0.1328125 0.040234375 0.07890625
2 0.61875 0.20546875 0.0625 0.1109375
1 0.4625 0.446875 0.05546875 0.10625
1 0.4546875 0.621875 0.065234375 0.10078125
1 0.5609375 0.50625 0.0625 0.128125
2 0.48125 0.79609375 0.04296875 0.10625
2 0.43125 0.834375 0.04296875 0.15546875
1 0.61484375 0.90078125 0.089453125 0.1640625
1 0.6421875 0.5578125 0.07109375 0.124609375
1 0.7015625 0.7828125 0.052734375 0.150390625
1 0.67734375 0.4046875 0.05 0.093359375
1 0.75625 0.52421875 0.05703125 0.1109375
2 0.67734375 0.11953125 0.05 0.088671875
2 0.675 0.2390625 0.040234375 0.062109375
2 0.725 0.1484375 0.04453125 0.075
1 0.8171875 0.11484375 0.034765625 0.0796875
2 0.76015625 0.25234375 0.0453125 0.0796875
1 0.8375 0.5046875 0.06953125 0.07890625
2 0.88984375 0.7390625 0.0796875 0.124609375