1 0.0796875 0.24375 0.034765625 0.059765625
1 0.1703125 0.24921875 0.040234375 0.070703125
2 0.22109375 0.196875 0.026953125 0.041015625
2 0.25234375 0.15546875 0.039453125 0.05625
2 0.35234375 0.19296875 0.0453125 0.063671875
1 0.5015625 0.234375 0.052734375 0.09375
0 0.53359375 0.178125 0.023046875 0.05625
2 0.59609375 0.17578125 0.0421875 0.0671875
0 0.6578125 0.16484375 0.04609375 0.0671875
1 0.82109375 0.14453125 0.0578125 0.101171875
1 0.7484375 0.1234375 0.027734375 0.04609375
1 0.7171875 0.19296875 0.025 0.041796875
2 0.0578125 0.16484375 0.02890625 0.051953125