1 0.02109375 0.2453125 0.0328125 0.066015625
1 0.1328125 0.10859375 0.059765625 0.128125
1 0.25859375 0.32265625 0.023046875 0.070703125
0 0.37109375 0.325 0.026953125 0.05703125
1 0.40625 0.1484375 0.03203125 0.093359375
1 0.51484375 0.165625 0.025 0.084375
1 0.50390625 0.228125 0.026953125 0.066015625
1 0.6546875 0.22578125 0.034765625 0.070703125
1 0.70390625 0.234375 0.0328125 0.071484375
1 0.76875 0.29609375 0.01796875 0.044921875
1 0.81640625 0.24375 0.0375 0.071484375
1 0.88984375 0.26953125 0.0296875 0.061328125
1 0.925 0.271875 0.025 0.066015625