1 0.05546875 0.6265625 0.085546875 0.18515625
1 0.30390625 0.334375 0.061328125 0.106640625
1 0.34765625 0.6828125 0.114453125 0.268359375
1 0.55078125 0.4984375 0.0953125 0.20234375
0 0.5984375 0.27578125 0.066015625 0.1421875
1 0.65390625 0.25078125 0.0484375 0.110546875
1 0.7515625 0.25859375 0.062890625 0.1390625
1 0.8421875 0.3296875 0.09765625 0.17265625
1 0.965625 0.1609375 0.037890625 0.094140625
1 0.66796875 0.7078125 0.116796875 0.212109375
2 0.3890625 0.21484375 0.04609375 0.076171875