1 0.8453125 0.16484375 0.05390625 0.089453125
0 0.93515625 0.3 0.0453125 0.081640625
1 0.64375 0.196875 0.047265625 0.071484375
1 0.71015625 0.2921875 0.035546875 0.059765625
1 0.09140625 0.209375 0.0421875 0.075
0 0.1171875 0.27890625 0.05390625 0.09375
0 0.47734375 0.196875 0.064453125 0.100390625
2 0.1953125 0.2921875 0.05390625 0.090234375
2 0.3625 0.2453125 0.04453125 0.071484375
2 0.60234375 0.2171875 0.035546875 0.059765625
2 0.7265625 0.15390625 0.047265625 0.0671875
2 0.2375 0.23046875 0.034765625 0.063671875