1 0.04140625 0.946875 0.073046875 0.087890625
1 0.1203125 0.84921875 0.07109375 0.1328125
0 0.16484375 0.76328125 0.0546875 0.119921875
2 0.0921875 0.47578125 0.05 0.092578125
1 0.2625 0.49765625 0.05 0.1109375
1 0.25859375 0.21875 0.0578125 0.093359375
1 0.0828125 0.32265625 0.04609375 0.10625
1 0.02109375 0.27890625 0.0328125 0.088671875
1 0.5609375 0.90078125 0.072265625 0.128125
1 0.5171875 0.80546875 0.065234375 0.098046875
1 0.49765625 0.41171875 0.060546875 0.10625
1 0.48125 0.21875 0.0625 0.093359375
1 0.4859375 0.0640625 0.05859375 0.075
1 0.66015625 0.21875 0.0546875 0.11171875
1 0.63984375 0.484375 0.0546875 0.10078125
1 0.74765625 0.2171875 0.060546875 0.115234375
1 0.82109375 0.1375 0.0578125 0.087890625
1 0.89375 0.31640625 0.06796875 0.1015625
1 0.9328125 0.67890625 0.065234375 0.1015625