1 0.1078125 0.58515625 0.07890625 0.1796875
1 0.0671875 0.2671875 0.065234375 0.14609375
1 0.1359375 0.11875 0.05859375 0.150390625
1 0.225 0.5125 0.065234375 0.169140625
1 0.16484375 0.4078125 0.0546875 0.13515625
1 0.3328125 0.59453125 0.059765625 0.198828125
1 0.27265625 0.934375 0.0953125 0.121484375
1 0.42734375 0.8984375 0.110546875 0.194140625
1 0.4203125 0.359375 0.07109375 0.175
1 0.34140625 0.24296875 0.0625 0.1453125
1 0.5453125 0.37890625 0.059765625 0.1453125
1 0.57890625 0.78359375 0.0828125 0.160546875
1 0.62890625 0.58515625 0.0625 0.1796875
1 0.6046875 0.325 0.065234375 0.165234375
1 0.6625 0.1265625 0.05546875 0.13515625
2 0.5359375 0.0921875 0.047265625 0.096875
1 0.76640625 0.4171875 0.0578125 0.14609375
1 0.8078125 0.6796875 0.090234375 0.203515625
1 0.85859375 0.65078125 0.0578125 0.155078125
1 0.9640625 0.45859375 0.06640625 0.1890625
1 0.9265625 0.2015625 0.0625 0.150390625
1 0.94375 0.05546875 0.052734375 0.0921875
1 0.8484375 0.36171875 0.06640625 0.140625
1 0.9734375 0.88828125 0.047265625 0.213671875