1 0.3234375 0.06015625 0.052734375 0.0765625
1 0.25625 0.1703125 0.052734375 0.084375
2 0.42265625 0.0640625 0.0453125 0.069140625
1 0.3453125 0.18671875 0.065234375 0.110546875
1 0.0625 0.69609375 0.11953125 0.3078125
2 0.58984375 0.20703125 0.035546875 0.069921875
2 0.5515625 0.26171875 0.05859375 0.084375
1 0.49375 0.41796875 0.072265625 0.1171875
1 0.6875 0.1375 0.05546875 0.099609375
1 0.82734375 0.19609375 0.0453125 0.084375
1 0.77890625 0.4765625 0.073046875 0.102734375
1 0.93359375 0.3515625 0.0578125 0.080859375