1 0.84609375 0.16875 0.0625 0.097265625
1 0.08984375 0.20625 0.05 0.06796875
1 0.64375 0.19453125 0.047265625 0.075
1 0.70859375 0.29609375 0.0328125 0.051953125
0 0.9359375 0.29765625 0.047265625 0.079296875
0 0.47734375 0.196875 0.0546875 0.100390625
0 0.11640625 0.27890625 0.0578125 0.09375
2 0.1953125 0.29375 0.05390625 0.08671875
2 0.23359375 0.23203125 0.0375 0.060546875
2 0.3625 0.24375 0.04453125 0.059765625
2 0.6015625 0.215625 0.04140625 0.062890625
2 0.7234375 0.15390625 0.047265625 0.0671875