1 0.10859375 0.56171875 0.1125 0.173046875
1 0.20390625 0.81484375 0.123046875 0.1984375
1 0.31484375 0.471875 0.064453125 0.10546875
1 0.2375 0.47578125 0.05 0.0671875
1 0.30390625 0.34453125 0.048046875 0.075
1 0.4171875 0.3765625 0.04609375 0.09375
1 0.3796875 0.34296875 0.02890625 0.0484375
1 0.47734375 0.4984375 0.0703125 0.119140625
1 0.62109375 0.38984375 0.0671875 0.119921875
1 0.77265625 0.34609375 0.05 0.09375
1 0.7609375 0.59765625 0.09140625 0.138671875
1 0.85859375 0.88359375 0.148046875 0.201953125
1 0.88984375 0.3765625 0.039453125 0.071484375
1 0.9515625 0.453125 0.047265625 0.06796875
1 0.9578125 0.71171875 0.07890625 0.2171875
1 0.6859375 0.41796875 0.04140625 0.070703125
1 0.95390625 0.35234375 0.0375 0.0453125