1 0.39765625 0.25078125 0.0703125 0.129296875
1 0.5390625 0.39296875 0.05859375 0.1109375
1 0.2890625 0.88671875 0.13359375 0.217578125
1 0.5359375 0.93125 0.122265625 0.128515625
1 0.8390625 0.2 0.05859375 0.106640625
1 0.6453125 0.153125 0.065234375 0.102734375
1 0.725 0.1578125 0.059765625 0.128515625
1 0.5125 0.25078125 0.065234375 0.129296875
1 0.52734375 0.046875 0.025 0.075390625
1 0.4078125 0.08671875 0.04609375 0.084375
1 0.1578125 0.08671875 0.04609375 0.076171875
1 0.05 0.121875 0.05 0.066015625
1 0.2046875 0.053125 0.02890625 0.0625
2 0.22890625 0.1203125 0.0375 0.07890625