2 0.12265625 0.3 0.064453125 0.133984375
2 0.1859375 0.4234375 0.0625 0.10390625
2 0.19140625 0.59765625 0.0671875 0.138671875
2 0.24765625 0.27109375 0.060546875 0.133203125
2 0.33515625 0.54765625 0.075 0.161328125
1 0.4453125 0.57890625 0.090234375 0.1953125
2 0.53984375 0.3046875 0.0546875 0.133984375
2 0.60625 0.6640625 0.08203125 0.156640625
2 0.6203125 0.4953125 0.065234375 0.133984375
1 0.8828125 0.640625 0.07890625 0.18671875
2 0.96015625 0.3546875 0.0546875 0.11875
2 0.6921875 0.15234375 0.05390625 0.1046875
2 0.87890625 0.20234375 0.0421875 0.08125
2 0.4828125 0.2765625 0.05390625 0.09609375