1 0.0453125 0.26484375 0.05 0.095703125
1 0.1078125 0.2453125 0.059765625 0.096484375
1 0.275 0.146875 0.04453125 0.09296875
1 0.2375 0.34140625 0.04453125 0.1046875
1 0.31484375 0.29921875 0.05 0.101171875
1 0.39609375 0.309375 0.0578125 0.10546875
1 0.44609375 0.23125 0.0578125 0.09296875
1 0.5109375 0.2828125 0.05859375 0.100390625
1 0.5703125 0.24921875 0.059765625 0.1046875
1 0.6921875 0.27734375 0.05 0.088671875
1 0.74609375 0.28515625 0.0421875 0.1046875
1 0.8375 0.24921875 0.065234375 0.1125
1 0.9421875 0.23671875 0.059765625 0.1046875
1 0.34140625 0.196875 0.051953125 0.087890625
1 0.9875 0.38359375 0.01953125 0.084375