1 0.11484375 0.37578125 0.0203125 0.03125
1 0.03359375 0.45078125 0.0375 0.066796875
1 0.0953125 0.53984375 0.02890625 0.066796875
1 0.20625 0.43984375 0.052734375 0.098046875
1 0.22890625 0.36875 0.023046875 0.053125
1 0.2578125 0.33984375 0.02109375 0.039453125
1 0.3234375 0.35546875 0.0125 0.0265625
1 0.2984375 0.39140625 0.01640625 0.0359375
1 0.3203125 0.47109375 0.034765625 0.070703125
1 0.35234375 0.4359375 0.0203125 0.053125
1 0.3984375 0.44921875 0.05859375 0.098046875
1 0.45234375 0.6265625 0.064453125 0.133984375
0 0.44375 0.3796875 0.0125 0.021875
1 0.5953125 0.46875 0.025 0.066015625
1 0.6421875 0.4046875 0.02109375 0.044140625
1 0.6875 0.49765625 0.034765625 0.070703125
1 0.84765625 0.646875 0.160546875 0.306640625
1 0.93984375 0.73984375 0.060546875 0.129296875