1 0.08515625 0.46875 0.0453125 0.128515625
1 0.2828125 0.4375 0.040234375 0.102734375
1 0.3328125 0.49765625 0.059765625 0.098046875
1 0.39609375 0.36640625 0.0421875 0.092578125
2 0.4453125 0.38671875 0.05390625 0.107421875
1 0.50625 0.5 0.077734375 0.155859375
2 0.5 0.3 0.04453125 0.084375
2 0.5796875 0.28203125 0.05 0.101953125
2 0.7015625 0.33984375 0.047265625 0.092578125
1 0.67109375 0.4578125 0.048046875 0.097265625
1 0.7421875 0.4375 0.05 0.11953125
1 0.88984375 0.35546875 0.0453125 0.0890625
0 0.7890625 0.48203125 0.06640625 0.1203125
2 0.95625 0.3890625 0.0625 0.102734375
2 0.1828125 0.3578125 0.02890625 0.05859375
2 0.81484375 0.3375 0.0296875 0.0625
1 0.92890625 0.3203125 0.026953125 0.053125