1 0.2046875 0.1546875 0.05390625 0.077734375
1 0.2875 0.38203125 0.04453125 0.065625
1 0.4640625 0.20546875 0.047265625 0.069921875
1 0.9109375 0.19609375 0.04140625 0.065625
1 0.6890625 0.2171875 0.0375 0.053515625
1 0.6078125 0.19765625 0.034765625 0.046875
1 0.5640625 0.22890625 0.027734375 0.046875
1 0.0765625 0.18984375 0.027734375 0.0390625
1 0.28984375 0.14921875 0.025 0.042578125
1 0.3375 0.18046875 0.01953125 0.035546875
1 0.3875 0.1859375 0.01953125 0.03125
1 0.97109375 0.2 0.0171875 0.027734375