2 0.1484375 0.83984375 0.11640625 0.213671875
2 0.0640625 0.58671875 0.102734375 0.1421875
1 0.04375 0.38671875 0.08203125 0.098046875
1 0.13984375 0.36875 0.089453125 0.16875
1 0.2078125 0.34453125 0.040234375 0.084375
2 0.2734375 0.4109375 0.09140625 0.17265625
1 0.34375 0.678125 0.1125 0.191015625
1 0.4421875 0.646875 0.084765625 0.146875
1 0.5859375 0.6375 0.13359375 0.22578125
1 0.49609375 0.4421875 0.0421875 0.146875
2 0.3578125 0.36015625 0.065234375 0.133203125
0 0.45234375 0.3109375 0.0703125 0.124609375
2 0.58125 0.2796875 0.0625 0.115625
2 0.21015625 0.18203125 0.0546875 0.098046875
1 0.17265625 0.20234375 0.035546875 0.084375
1 0.12109375 0.1359375 0.0421875 0.075390625
0 0.07265625 0.19765625 0.035546875 0.076171875
1 0.19375 0.0421875 0.027734375 0.049609375
1 0.24375 0.11796875 0.022265625 0.048828125
1 0.2625 0.1890625 0.04453125 0.084375
1 0.41015625 0.31796875 0.039453125 0.101953125
1 0.37890625 0.21328125 0.0375 0.0625
1 0.33359375 0.1625 0.0375 0.05703125
1 0.3765625 0.153125 0.04140625 0.05703125
1 0.3328125 0.053125 0.025 0.053125
1 0.29140625 0.06015625 0.0125 0.039453125
1 0.39375 0.078125 0.022265625 0.049609375
1 0.41015625 0.11328125 0.0296875 0.048828125
2 0.47890625 0.121875 0.0375 0.075390625
1 0.5109375 0.20703125 0.04140625 0.092578125
1 0.50390625 0.278125 0.0421875 0.084375
1 0.51640625 0.04921875 0.0125 0.053125
1 0.57734375 0.0578125 0.0203125 0.044140625
1 0.6359375 0.03984375 0.027734375 0.053125
0 0.6546875 0.16640625 0.04609375 0.076171875
2 0.625 0.26875 0.025 0.093359375
1 0.67890625 0.37578125 0.0625 0.101953125
1 0.6859375 0.178125 0.027734375 0.071484375
2 0.69765625 0.0578125 0.0203125 0.044140625
1 0.68125 0.521875 0.027734375 0.075390625
1 0.74765625 0.57578125 0.0796875 0.1734375
1 0.81640625 0.7734375 0.123046875 0.249609375
1 0.84765625 0.2796875 0.060546875 0.115625
2 0.9546875 0.31796875 0.025 0.101953125
1 0.8953125 0.26015625 0.034765625 0.101953125
1 0.7390625 0.3578125 0.052734375 0.075390625
1 0.79609375 0.2109375 0.048046875 0.084375
1 0.7796875 0.1109375 0.04609375 0.08984375
0 0.82734375 0.08671875 0.0296875 0.084375
1 0.9125 0.1265625 0.01953125 0.05859375