1 0.08359375 0.2671875 0.0421875 0.08515625
1 0.16484375 0.3140625 0.05 0.07265625
1 0.2984375 0.2328125 0.027734375 0.056640625
1 0.35390625 0.29375 0.048046875 0.097265625
1 0.3703125 0.234375 0.02890625 0.06171875
1 0.4046875 0.27578125 0.040234375 0.076953125
1 0.45234375 0.4734375 0.05 0.08125
1 0.4328125 0.253125 0.015234375 0.056640625
1 0.4765625 0.27109375 0.027734375 0.0609375
1 0.525 0.2671875 0.03046875 0.069140625
1 0.55859375 0.2734375 0.0421875 0.08125
1 0.6109375 0.30234375 0.0375 0.065625
1 0.6484375 0.32890625 0.0375 0.076953125
1 0.7109375 0.35078125 0.052734375 0.08125
1 0.71875 0.2140625 0.022265625 0.053125
1 0.7671875 0.25546875 0.034765625 0.069921875
2 0.8046875 0.25546875 0.034765625 0.0609375
1 0.8375 0.246875 0.01953125 0.044140625
1 0.8796875 0.23671875 0.040234375 0.065625
1 0.9359375 0.25546875 0.047265625 0.076953125