1 0.34609375 0.7765625 0.1125 0.20859375
1 0.52890625 0.13046875 0.0421875 0.092578125
2 0.73359375 0.121875 0.0625 0.10078125
1 0.63125 0.37578125 0.052734375 0.10625
2 0.28125 0.06171875 0.01796875 0.035546875
2 0.33359375 0.075 0.0171875 0.034765625
2 0.42265625 0.04609375 0.0203125 0.03125
1 0.81640625 0.18359375 0.026953125 0.039453125
1 0.68125 0.06171875 0.022265625 0.044921875
2 0.5890625 0.04453125 0.01640625 0.044921875
1 0.37109375 0.1125 0.023046875 0.04921875
1 0.36875 0.17890625 0.0375 0.1015625