1 0.19375 0.44453125 0.077734375 0.145703125
2 0.38984375 0.6109375 0.139453125 0.29140625
1 0.08984375 0.33828125 0.060546875 0.119921875
0 0.16484375 0.175 0.0453125 0.10078125
2 0.2203125 0.32734375 0.05390625 0.088671875
1 0.28125 0.25625 0.052734375 0.08046875
1 0.34765625 0.23671875 0.060546875 0.084375
1 0.425 0.2828125 0.05 0.07890625
1 0.47109375 0.35390625 0.0578125 0.10625
1 0.54609375 0.36484375 0.0671875 0.084375
2 0.4625 0.16796875 0.034765625 0.070703125
1 0.37890625 0.0953125 0.023046875 0.040234375
1 0.46484375 0.0796875 0.025 0.044140625
1 0.6734375 0.45390625 0.09140625 0.1546875
1 0.12890625 0.2015625 0.0375 0.084375
1 0.26484375 0.17890625 0.0453125 0.066796875
1 0.575 0.05546875 0.015234375 0.03125
1 0.79609375 0.8984375 0.0671875 0.18515625
1 0.8390625 0.5375 0.0875 0.172265625
1 0.8234375 0.28515625 0.06640625 0.1015625
1 0.81640625 0.42265625 0.0375 0.092578125
1 0.7765625 0.20546875 0.04140625 0.1015625
1 0.86875 0.1703125 0.03203125 0.066015625