2 0.1 0.25546875 0.065234375 0.108203125
1 0.23359375 0.209375 0.0421875 0.069140625
1 0.27109375 0.2109375 0.0328125 0.05
1 0.33984375 0.18984375 0.035546875 0.061328125
1 0.2109375 0.40859375 0.06640625 0.1046875
1 0.3109375 0.52734375 0.097265625 0.1625
1 0.38984375 0.20546875 0.025 0.046875
1 0.4140625 0.240625 0.03359375 0.053515625
1 0.48125 0.296875 0.047265625 0.10546875
1 0.54609375 0.21484375 0.0328125 0.0734375
1 0.67109375 0.43203125 0.0875 0.1359375
1 0.87890625 0.8625 0.1625 0.244140625
1 0.76875 0.28125 0.05703125 0.08828125