1 0.0828125 0.23203125 0.04609375 0.0671875
1 0.1859375 0.1140625 0.03359375 0.04765625
1 0.25390625 0.28125 0.0421875 0.059765625
1 0.36875 0.0859375 0.03203125 0.04609375
1 0.4125 0.14453125 0.040234375 0.063671875
1 0.51640625 0.35390625 0.051953125 0.0859375
1 0.45390625 0.08046875 0.0375 0.05625
1 0.5171875 0.08984375 0.034765625 0.051953125
1 0.6171875 0.2640625 0.04609375 0.071484375
1 0.6046875 0.20625 0.034765625 0.052734375
2 0.4203125 0.075 0.025 0.03046875
2 0.59140625 0.09921875 0.023046875 0.041796875
1 0.59765625 0.0390625 0.025 0.033984375
1 0.6640625 0.1328125 0.03359375 0.041015625
2 0.62734375 0.02265625 0.025 0.0375
0 0.6953125 0.075 0.025 0.04453125
1 0.74765625 0.0546875 0.0296875 0.04765625
1 0.76640625 0.0578125 0.0125 0.033984375
2 0.725 0.05078125 0.01953125 0.033203125
2 0.8796875 0.05625 0.02890625 0.0375
1 0.95234375 0.09765625 0.0296875 0.0453125