1 0.05234375 0.12890625 0.0703125 0.133203125
1 0.17109375 0.14921875 0.0828125 0.1375
1 0.1890625 0.41328125 0.0875 0.151171875
1 0.10390625 0.753125 0.076953125 0.1375
1 0.31484375 0.46015625 0.085546875 0.1640625
1 0.29609375 0.8109375 0.076953125 0.12109375
1 0.51640625 0.61328125 0.0875 0.178125
1 0.5296875 0.9 0.07890625 0.16328125
1 0.5984375 0.56640625 0.077734375 0.146875
1 0.73359375 0.77578125 0.076953125 0.1640625
1 0.8453125 0.31796875 0.07890625 0.155078125
1 0.96875 0.1796875 0.05703125 0.12109375
1 0.96484375 0.421875 0.064453125 0.150390625
1 0.8359375 0.621875 0.077734375 0.159765625
1 0.94375 0.70859375 0.09296875 0.1640625
1 0.8140625 0.9203125 0.0875 0.150390625