2 0.0203125 0.21328125 0.034765625 0.060546875
2 0.06640625 0.18515625 0.048046875 0.0703125
2 0.12890625 0.1765625 0.0328125 0.053125
2 0.13359375 0.23359375 0.023046875 0.0734375
2 0.0609375 0.38984375 0.03359375 0.060546875
1 0.09140625 0.51171875 0.0578125 0.096875
0 0.1453125 0.621875 0.059765625 0.103125
2 0.2828125 0.9515625 0.084765625 0.090234375
2 0.2828125 0.0453125 0.02890625 0.05
2 0.2953125 0.16171875 0.040234375 0.0703125
2 0.34609375 0.203125 0.0328125 0.07421875
2 0.3796875 0.21640625 0.02890625 0.0734375
2 0.2609375 0.3765625 0.04140625 0.066015625
1 0.33125 0.53515625 0.047265625 0.089453125
1 0.4140625 0.5296875 0.04140625 0.087109375
2 0.49609375 0.2046875 0.0328125 0.056640625
2 0.53125 0.20703125 0.027734375 0.060546875
1 0.58515625 0.25859375 0.0296875 0.096875
2 0.67265625 0.128125 0.0453125 0.090234375
2 0.7546875 0.15859375 0.034765625 0.063671875
1 0.88359375 0.1546875 0.051953125 0.090234375
1 0.8703125 0.31015625 0.05 0.113671875
2 0.28515625 0.05 0.035546875 0.040234375