1 0.0828125 0.31484375 0.04609375 0.075
1 0.14609375 0.28125 0.0375 0.059765625
1 0.19765625 0.24921875 0.0296875 0.0484375
1 0.26640625 0.32421875 0.048046875 0.070703125
1 0.41875 0.3125 0.047265625 0.071484375
1 0.50625 0.2453125 0.08203125 0.13125
1 0.60390625 0.2375 0.0421875 0.08671875
1 0.6953125 0.321875 0.02890625 0.04453125
1 0.7609375 0.27734375 0.04140625 0.075
1 0.85234375 0.3296875 0.035546875 0.059765625
1 0.9375 0.3015625 0.034765625 0.062890625
1 0.9703125 0.290625 0.02109375 0.04921875
1 0.27890625 0.2359375 0.026953125 0.0375