2 0.1078125 0.0859375 0.040234375 0.06640625
2 0.1765625 0.21328125 0.047265625 0.0671875
2 0.16640625 0.37265625 0.051953125 0.079296875
1 0.13515625 0.5484375 0.05 0.071484375
2 0.47109375 0.15 0.0421875 0.06796875
1 0.42734375 0.303125 0.05 0.06796875
1 0.46875 0.40078125 0.047265625 0.0671875
1 0.44375 0.575 0.052734375 0.078515625
1 0.73984375 0.06171875 0.0453125 0.063671875
1 0.8203125 0.16328125 0.05 0.063671875
2 0.80625 0.28828125 0.04296875 0.051953125
2 0.70234375 0.425 0.0453125 0.071484375
1 0.7921875 0.6234375 0.05 0.041015625