1 0.0828125 0.31328125 0.05 0.101953125
1 0.16484375 0.3734375 0.0453125 0.08984375
1 0.35 0.34921875 0.05546875 0.1109375
1 0.40390625 0.32421875 0.0421875 0.0796875
1 0.4515625 0.56015625 0.052734375 0.098046875
1 0.525 0.3109375 0.03046875 0.07890625
1 0.56015625 0.321875 0.0453125 0.093359375
1 0.6109375 0.35546875 0.04140625 0.0796875
1 0.6484375 0.39140625 0.04140625 0.0890625
1 0.7109375 0.41328125 0.05859375 0.107421875
1 0.76484375 0.3 0.035546875 0.075390625
2 0.80625 0.3 0.0375 0.066015625
1 0.88125 0.2796875 0.04296875 0.08984375
1 0.9375 0.30234375 0.05 0.098046875
1 0.29765625 0.278125 0.035546875 0.075390625
1 0.475 0.321875 0.034765625 0.066015625
1 0.36640625 0.278125 0.0375 0.066015625
1 0.8375 0.29765625 0.025 0.053125