1 0.0296875 0.2375 0.05390625 0.078515625
1 0.0859375 0.275 0.03359375 0.053515625
1 0.23984375 0.225 0.035546875 0.06171875
1 0.3046875 0.2265625 0.05 0.087109375
1 0.34375 0.2375 0.027734375 0.05
1 0.39375 0.275 0.0375 0.053515625
1 0.46640625 0.2734375 0.0375 0.05
1 0.56640625 0.31328125 0.051953125 0.071875
1 0.61484375 0.215625 0.0453125 0.065234375
1 0.7140625 0.2359375 0.03359375 0.053515625
1 0.7515625 0.23203125 0.04140625 0.067578125
1 0.82890625 0.32578125 0.048046875 0.067578125
1 0.90390625 0.26640625 0.0421875 0.079296875
1 0.42265625 0.259375 0.0203125 0.03671875