1 0.0546875 0.22265625 0.07109375 0.0859375
1 0.1875 0.20625 0.065234375 0.097265625
1 0.3125 0.2 0.06953125 0.100390625
1 0.40390625 0.2359375 0.0625 0.06640625
1 0.45625 0.24140625 0.0625 0.101171875
1 0.70390625 0.2171875 0.0625 0.14140625
1 0.84375 0.2828125 0.072265625 0.13125
1 0.89375 0.5484375 0.077734375 0.146484375
1 0.80625 0.6328125 0.08203125 0.1125
1 0.60859375 0.61015625 0.073046875 0.119921875
1 0.52109375 0.5015625 0.0671875 0.14140625
1 0.34765625 0.59140625 0.089453125 0.1125
1 0.1390625 0.5015625 0.072265625 0.127734375