0 0.10625 0.2359375 0.1125 0.177734375
2 0.23515625 0.1171875 0.064453125 0.08359375
1 0.3546875 0.20546875 0.04609375 0.086328125
1 0.4125 0.34375 0.08046875 0.128125
1 0.25625 0.74921875 0.20703125 0.305078125
1 0.56015625 0.68515625 0.1953125 0.305078125
1 0.61875 0.3984375 0.097265625 0.1625
1 0.49765625 0.24921875 0.0703125 0.113671875
2 0.83125 0.2375 0.08203125 0.128125
1 0.9453125 0.13984375 0.090234375 0.113671875
1 0.9578125 0.28671875 0.07890625 0.14375
1 0.7890625 0.553125 0.1125 0.184765625