1 0.0328125 0.175 0.025 0.066015625
1 0.0828125 0.109375 0.025 0.056640625
1 0.11640625 0.20390625 0.026953125 0.057421875
1 0.20234375 0.1828125 0.035546875 0.071484375
1 0.26640625 0.21328125 0.051953125 0.085546875
1 0.31015625 0.11875 0.0296875 0.075390625
1 0.36484375 0.11875 0.025 0.056640625
1 0.52265625 0.20625 0.039453125 0.090234375
1 0.6015625 0.175 0.0375 0.094140625
1 0.71484375 0.175 0.0546875 0.11328125
1 0.80390625 0.1921875 0.048046875 0.099609375
1 0.89375 0.15625 0.0375 0.066015625
2 0.9078125 0.4546875 0.02890625 0.075390625