1 0.06875 0.915625 0.10703125 0.159765625
1 0.1921875 0.7953125 0.07109375 0.112890625
1 0.30234375 0.740625 0.1296875 0.230859375
1 0.49375 0.61328125 0.077734375 0.1640625
1 0.3203125 0.240625 0.04609375 0.074609375
1 0.3984375 0.1109375 0.0375 0.058984375
1 0.42265625 0.24609375 0.035546875 0.0703125
1 0.49765625 0.1390625 0.0296875 0.043359375
1 0.59140625 0.15234375 0.0375 0.0625
1 0.5640625 0.3734375 0.0375 0.066015625
1 0.69140625 0.5609375 0.101953125 0.159765625
1 0.7546875 0.19140625 0.034765625 0.0546875
2 0.84609375 0.3421875 0.0375 0.058984375
2 0.6640625 0.19921875 0.0375 0.0625
2 0.44609375 0.4546875 0.048046875 0.074609375